n-power=
0
dm_mass=
1000.0
stepsize =
5.0357016471766674e-17
fisher matrix =
[[1238861979.0428388, -1376164944.9193726, 76287904.92826001, -3.5709703880460724e+16, -173694714.29478198, 94020.25226026984, 1.558580341677097e+24], [-1376164944.9193726, 1528855603.777291, -84760274.16560088, 3.968174517187822e+16, 192911495.32143754, -104492.60333220847, -1.7316265260287638e+24], [76287904.92826001, -84760274.16560088, 4700334.712277647, -2201863769521910.0, -10670435.941136057, 5800.905135985083, 9.60657294199077e+22], [-3.5709703880460724e+16, 3.968174517187822e+16, -2201863769521910.0, 1.0330576860974628e+24, 4965379253898638.0, -2724958875332.218, -4.505556930353938e+31], [-173694714.29478198, 192911495.32143754, -10670435.941136057, 4965379253898638.0, 24956295.01978202, -13012.83357624171, -2.1689624356496967e+23], [94020.25226026984, -104492.60333220847, 5800.905135985083, -2724958875332.218, -13012.83357624171, 7.1947864259096885, 1.1880985048280716e+20], [1.558580341677097e+24, -1.7316265260287638e+24, 9.60657294199077e+22, -4.505556930353938e+31, -2.1689624356496967e+23, 1.1880985048280716e+20, 1.9657606134074945e+39]]
sigma_dmb
from cov matrix =
3.3828914163827126e-18
2-sigma =
8.389570712629126e-18
2-sigma zack's method =
