n-power=
0
dm_mass=
1
stepsize =
2e-26
fisher matrix =
[[1069858478.557985, -1273984258.2144294, 71248336.54131363, -3.3196396083167544e+16, -154581103.36299342, 81946.47591494914, 2.5755673506079222e+32], [-1273984258.2144294, 1521811200.923921, -85126833.20080952, 3.9590872191321384e+16, 185704110.34708902, -97330.82108007211, -3.1287466384966622e+32], [71248336.54131363, -85126833.20080952, 4762802.105149748, -2215791652796970.2, -10376585.021219788, 5447.943069416986, 1.7488337564957821e+31], [-3.3196396083167544e+16, 3.9590872191321384e+16, -2215791652796970.2, 1.0330576860977818e+24, 4793336617222161.0, -2548800958981.538, -8.020201938875116e+39], [-154581103.36299342, 185704110.34708902, -10376585.021219788, 4793336617222161.0, 23158546.23571593, -11657.352630835274, -3.9904541639898404e+31], [81946.47591494914, -97330.82108007211, 5447.943069416986, -2548800958981.538, -11657.352630835274, 6.529820219094241, 1.9218987115506297e+28], [2.5755673506079222e+32, -3.1287466384966622e+32, 1.7488337564957821e+31, -8.020201938875116e+39, -3.9904541639898404e+31, 1.9218987115506297e+28, 7.133979832526689e+55]]
sigma_dmb
from cov matrix =
6.682964810995861e-27
2-sigma =
1.6573752731269735e-26
2-sigma zack's method =
