{
 "cells": [
  {
   "cell_type": "code",
   "execution_count": 2,
   "metadata": {},
   "outputs": [],
   "source": [
    "import numpy as np\n",
    "import matplotlib.pyplot as plt\n",
    "import math\n",
    "from numpy.linalg import inv\n",
    "from IPython.display import Image\n",
    "from scipy.special import expit"
   ]
  },
  {
   "cell_type": "code",
   "execution_count": 3,
   "metadata": {},
   "outputs": [],
   "source": [
    "f_sky_planck = 0.6\n",
    "f_sky_overlap = 0.2\n",
    "#f_sky_S4 = 0.4 already in F"
   ]
  },
  {
   "cell_type": "markdown",
   "metadata": {},
   "source": [
    "$$ F_{ij} = \\sum_{\\ell} \\frac{2 \\ell + 1}{2} f_{\\mathrm{sky}} \\mathrm{Tr}\\,\\left( \\mathbf{C}_{\\ell}^{-1} \\frac{\\partial \\mathbf{C}_{\\ell}}{\\partial \\theta_i} \\mathbf{C}_{\\ell}^{-1} \\frac{\\mathbf{C}_{\\ell}}{\\partial \\theta_j} \\right)\n",
    "= \\sum_{\\ell =2-5000}\\frac{2 \\ell + 1}{2} f_{\\mathrm{sky}}\\left(\\mathrm{Tr}X\\right)$$\n",
    "[Wu et al. 2014](https://arxiv.org/abs/1402.4108)\n",
    "\n",
    "Overlap:\n",
    "$$ F_{ij} = \\sum_{\\ell =2-100} \\frac{2 \\ell + 1}{2} f_{\\mathrm{sky planck}}\\left(\\mathrm{Tr}X\\right) + \\sum_{\\ell = 100-2500} \\frac{2 \\ell + 1}{2} f_{\\mathrm{sky overlap}}\\left(\\mathrm{Tr}X\\right) + \\sum_{\\ell = 2500-5000} \\frac{2 \\ell + 1}{2} f_{\\mathrm{sky S4}}\\left(\\mathrm{Tr}X\\right)$$\n",
    "\n",
    "\n",
    "$$ F_{ij} = 0.65F_{\\mathrm{planck: 2-100}} + 0.25F_{\\mathrm{planck:100-2500}} + 0.4F_{\\mathrm{S4: 100-5000}}$$\n"
   ]
  },
  {
   "cell_type": "code",
   "execution_count": 4,
   "metadata": {},
   "outputs": [],
   "source": [
    "F1 =np.array([[334575.508397078, -93091.3484843993, 6716.857322845177, 10043504880910.682, -33146.24175880618, -113658.33044742532, 9.77959273905886e+25], [-93091.3484843993, 36880.126594313326, -2298.5929317732102, -2899122570641.7554, 10869.702261225888, 21421.548667525785, -4.5295199975764145e+25], [6716.857322845177, -2298.5929317732107, 1076.8240604870093, 651167780612.0796, -2965.884780412927, -3755.0378597785266, 4.910615150880732e+24], [10043504880910.682, -2899122570641.7554, 651167780612.0796, 9.033281405086142e+20, -3754667593147.7153, -2983488874610.942, 4.518643281322873e+33], [-33146.24175880618, 10869.702261225888, -2965.884780412927, -3754667593147.7153, 16664.90054540058, 9728.622717154847, -1.8705269415462762e+25], [-113658.33044742531, 21421.54866752579, -3755.037859778526, -2983488874610.942, 9728.622717154847, 75008.55489457533, -2.2392894808055597e+25], [9.77959273905886e+25, -4.5295199975764145e+25, 4.910615150880732e+24, 4.518643281322873e+33, -1.8705269415462762e+25, -2.2392894808055597e+25, 7.676220831441217e+46]])\n",
    "\n",
    "\n",
    "\n"
   ]
  },
  {
   "cell_type": "code",
   "execution_count": 5,
   "metadata": {},
   "outputs": [],
   "source": [
    "F2 = np.array([[283869463.56835717, -60997278.374325596, -18912236.779917523, 654900329180176.6, 2957046.9997130386, -2893012.967788466, 2.4315302786711726e+28], [-60997278.374325596, 33585936.82840459, 7561974.710442033, -1281397800119914.0, -1309309.6225795136, 5654817.8806241, -5.21370474658317e+27], [-18912236.779917523, 7561974.710442033, 1960245.5749461956, -179192483598174.44, -305893.4223233945, 787374.855131063, -3.969634843023564e+27], [654900329180176.8, -1281397800119914.0, -179192483598174.47, 1.7553844158620006e+23, 185714510616030.97, -771430396932691.0, -7.446961117757014e+36], [2957046.9997130386, -1309309.6225795136, -305893.4223233945, 185714510616030.97, 388061.2815816893, -818252.6267549085, -1.3077279723134648e+28], [-2893012.9677884667, 5654817.8806241, 787374.855131063, -771430396932690.9, -818252.6267549086, 3393692.4900117232, 3.2637331690590568e+28], [2.431530278671171e+28, -5.213704746583181e+27, -3.969634843023566e+27, -7.446961117757014e+36, -1.3077279723134646e+28, 3.2637331690590568e+28, 6.258475121711004e+50]])\n",
    "\n",
    "\n"
   ]
  },
  {
   "cell_type": "code",
   "execution_count": 6,
   "metadata": {},
   "outputs": [],
   "source": [
    "F3 = np.array([[2167943615.9269233, -516694685.0297029, -142984045.87260818, 1.362326770272057e+16, 42688129.740245536, -60272655.58292045, -9.649550916408512e+29], [-516694685.02970284, 211945056.95475215, 54836133.76206739, -3371906208866146.5, -7508189.083272481, 15234276.38022008, -1.2451624631164741e+29], [-142984045.87260818, 54836133.76206739, 14781184.250096813, -741493836895080.0, -1921125.6705498877, 3238359.9151722905, -2.2188099717687766e+28], [1.3623267702720568e+16, -3371906208866147.0, -741493836895080.0, 3.9413436027508373e+23, 771449855338457.2, -1719520543762377.2, -3.1733382009969733e+37], [42688129.740245536, -7508189.083272481, -1921125.6705498875, 771449855338457.2, 1940560.0923062125, -3391521.614820068, -7.850571698145044e+28], [-60272655.58292045, 15234276.38022008, 3238359.9151722905, -1719520543762377.2, -3391521.614820068, 7567802.214501878, 1.3321624857115402e+29], [-9.64955091640851e+29, -1.2451624631164741e+29, -2.2188099717687775e+28, -3.1733382009969733e+37, -7.850571698145044e+28, 1.3321624857115402e+29, 5.49227582582859e+51]])\n",
    "\n",
    "\n",
    "\n"
   ]
  },
  {
   "cell_type": "code",
   "execution_count": 7,
   "metadata": {},
   "outputs": [],
   "source": [
    "F = F1*0.6 + F2*0.2 + F3"
   ]
  },
  {
   "cell_type": "code",
   "execution_count": 8,
   "metadata": {},
   "outputs": [
    {
     "data": {
      "text/plain": [
       "array([[ 2.22491825e+09, -5.28949996e+08, -1.46762463e+08,\n",
       "         1.37602739e+16,  4.32596514e+07, -6.09194532e+07,\n",
       "        -9.60033354e+29],\n",
       "       [-5.28949996e+08,  2.18684372e+08,  5.63471495e+07,\n",
       "        -3.62992524e+15, -7.76352919e+06,  1.63780929e+07,\n",
       "        -1.25586164e+29],\n",
       "       [-1.46762463e+08,  5.63471495e+07,  1.51738795e+07,\n",
       "        -7.76941633e+14, -1.98408389e+06,  3.39358186e+06,\n",
       "        -2.29790803e+28],\n",
       "       [ 1.37602739e+16, -3.62992524e+15, -7.76941633e+14,\n",
       "         4.29784045e+23,  8.06339957e+14, -1.87559672e+15,\n",
       "        -3.32200630e+37],\n",
       "       [ 4.32596514e+07, -7.76352919e+06, -1.98408389e+06,\n",
       "         8.06339957e+14,  2.02817129e+06, -3.54933497e+06,\n",
       "        -8.11323961e+28],\n",
       "       [-6.09194532e+07,  1.63780929e+07,  3.39358186e+06,\n",
       "        -1.87559672e+15, -3.54933497e+06,  8.29154585e+06,\n",
       "         1.39730279e+29],\n",
       "       [-9.60033354e+29, -1.25586164e+29, -2.29790803e+28,\n",
       "        -3.32200630e+37, -8.11323961e+28,  1.39730279e+29,\n",
       "         5.61749139e+51]])"
      ]
     },
     "execution_count": 8,
     "metadata": {},
     "output_type": "execute_result"
    }
   ],
   "source": [
    "F"
   ]
  },
  {
   "cell_type": "code",
   "execution_count": null,
   "metadata": {},
   "outputs": [],
   "source": []
  }
 ],
 "metadata": {
  "kernelspec": {
   "display_name": "Python 3",
   "language": "python",
   "name": "python3"
  },
  "language_info": {
   "codemirror_mode": {
    "name": "ipython",
    "version": 3
   },
   "file_extension": ".py",
   "mimetype": "text/x-python",
   "name": "python",
   "nbconvert_exporter": "python",
   "pygments_lexer": "ipython3",
   "version": "3.8.3"
  }
 },
 "nbformat": 4,
 "nbformat_minor": 4
}
