n-power=
-4
dm_mass=
1
stepsize =
8e-43
fisher matrix =
[[6.752105408471622e+34, -7.545607609180019e+34, 4.187481801325601e+33, -1.9585992447581348e+42, -9.509006390567657e+33, 5.149860021067307e+30, 1.1887857585987849e+73], [-7.545607609180019e+34, 8.433572176624809e+34, -4.680533123516297e+33, 2.1893089415803672e+42, 1.063082230226121e+34, -5.756745395973176e+30, -1.3289219874346586e+73], [4.187481801325601e+33, -4.680533123516297e+33, 2.5982621872548954e+32, -1.2160507841405277e+41, -5.887040754704566e+32, 3.199114018252657e+29, 7.364794667098888e+71], [-1.9585992447581348e+42, 2.1893089415803672e+42, -1.2160507841405277e+41, 5.700452335518399e+49, 2.736799801350829e+41, -1.501541990287887e+38, -3.430887855031598e+80], [-9.509006390567657e+33, 1.063082230226121e+34, -5.887040754704566e+32, 2.736799801350829e+41, 1.3737463948507187e+33, -7.161020830696644e+29, -1.7027862716174164e+72], [5.149860021067307e+30, -5.756745395973176e+30, 3.199114018252657e+29, -1.501541990287887e+38, -7.161020830696644e+29, 3.9591888583006666e+26, 8.99229457276424e+68], [1.1887857585987849e+73, -1.3289219874346586e+73, 7.364794667098888e+71, -3.430887855031598e+80, -1.7027862716174164e+72, 8.99229457276424e+68, 2.1170889335601833e+111]]
sigma_dmb
from cov matrix =
3.576412771426018e-54
2-sigma =
8.869503673136525e-54
2-sigma zack's method =
