n-power=
-4
dm_mass=
1
stepsize =
8e-43
fisher matrix =
[[998780779.5427548, -1233102070.7122505, 69387571.84405185, -3.204651289895332e+16, -147316036.6016338, 77355.51231057447, 1.8916110999192452e+47], [-1233102070.7122505, 1533558547.9364655, -86362262.61404312, 3.9738951695006776e+16, 184784226.27421224, -95148.92599335381, -2.365331335912331e+47], [69387571.84405185, -86362262.61404312, 4864819.41926021, -2238563425054051.0, -10400963.946478924, 5357.382324634528, 1.331507247337217e+46], [-3.204651289895332e+16, 3.9738951695006776e+16, -2238563425054051.0, 1.0330576860977877e+24, 4750230160138296.0, -2485178374614.0317, -6.0967894743244693e+54], [-147316036.6016338, 184784226.27421224, -10400963.946478924, 4750230160138296.0, 22723177.1032236, -11228.279198036429, -2.889512384687029e+46], [77355.51231057447, -95148.92599335381, 5357.382324634528, -2485178374614.0317, -11228.279198036429, 6.240038198595097, 1.4476167679757706e+43], [1.8916110999192452e+47, -2.365331335912331e+47, 1.331507247337217e+46, -6.0967894743244693e+54, -2.889512384687029e+46, 1.4476167679757706e+43, 3.6827410914561765e+85]]
sigma_dmb
from cov matrix =
3.2547743412981155e-41
2-sigma =
8.071840366419326e-41
2-sigma zack's method =
