n-power=
4
dm_mass=
1000
stepsize =
3.3740479511420946e-09
fisher matrix =
[[998780779.5427548, -1233102070.7122505, 69387571.84405185, -3.204651289895332e+16, -147316036.6016338, 77355.51231057447, 5044612689184146.0], [-1233102070.7122505, 1533558547.9364655, -86362262.61404312, 3.9738951695006776e+16, 184784226.27421224, -95148.92599335381, -6485587469205641.0], [69387571.84405185, -86362262.61404312, 4864819.41926021, -2238563425054051.0, -10400963.946478924, 5357.382324634528, 365838554106568.9], [-3.204651289895332e+16, 3.9738951695006776e+16, -2238563425054051.0, 1.0330576860977877e+24, 4750230160138296.0, -2485178374614.0317, -1.649317539448121e+23], [-147316036.6016338, 184784226.27421224, -10400963.946478924, 4750230160138296.0, 22723177.1032236, -11228.279198036429, -821909825009864.4], [77355.51231057447, -95148.92599335381, 5357.382324634528, -2485178374614.0317, -11228.279198036429, 6.240038198595097, 379152095578.5408], [5044612689184146.0, -6485587469205641.0, 365838554106568.9, -1.649317539448121e+23, -821909825009864.4, 379152095578.5408, 3.196931398478976e+22]]
sigma_dmb
from cov matrix =
2.299265519814385e-10
2-sigma =
5.702178489139675e-10
2-sigma zack's method =
