n-power=
4
dm_mass=
100
stepsize =
1.8963257536144026e-09
fisher matrix =
[[998780779.5427548, -1233102070.7122505, 69387571.84405185, -3.204651289895332e+16, -147316036.6016338, 77355.51231057447, 2.1664754995191396e+16], [-1233102070.7122505, 1533558547.9364655, -86362262.61404312, 3.9738951695006776e+16, 184784226.27421224, -95148.92599335381, -2.7614304612017876e+16], [69387571.84405185, -86362262.61404312, 4864819.41926021, -2238563425054051.0, -10400963.946478924, 5357.382324634528, 1556088960382525.8], [-3.204651289895332e+16, 3.9738951695006776e+16, -2238563425054051.0, 1.0330576860977877e+24, 4750230160138296.0, -2485178374614.0317, -7.043985390695692e+23], [-147316036.6016338, 184784226.27421224, -10400963.946478924, 4750230160138296.0, 22723177.1032236, -11228.279198036429, -3470899528775845.5], [77355.51231057447, -95148.92599335381, 5357.382324634528, -2485178374614.0317, -11228.279198036429, 6.240038198595097, 1634453429349.4338], [2.1664754995191396e+16, -2.7614304612017876e+16, 1556088960382525.8, -7.043985390695692e+23, -3470899528775845.5, 1634453429349.4338, 5.489747893667536e+23]]
sigma_dmb
from cov matrix =
7.246801706692775e-11
2-sigma =
1.797206823259808e-10
2-sigma zack's method =
