n-power=
2
dm_mass=
100
stepsize =
2.56e-17
fisher matrix =
[[402907574622618.25, -451940254764335.8, 25513114928186.87, -1.3532421729765636e+22, -31940230670534.492, 32955458174.791817, 3.177107778973815e+28], [-451940254764335.8, 507437248550793.4, -28673197941606.01, 1.5232144992120133e+22, 35566867788633.32, -37140334080.1866, -3.5384600930860358e+28], [25513114928186.87, -28673197941606.01, 1621962489180.0994, -8.632633180510792e+20, -1988115382715.151, 2109240712.7764745, 1.9703997550731097e+27], [-1.3532421729765636e+22, 1.5232144992120133e+22, -8.632633180510792e+20, 4.611446856463245e+29, 1.033994381227612e+21, -1.1304271197017934e+18, -1.0154440437583327e+36], [-31940230670534.492, 35566867788633.32, -1988115382715.151, 1.033994381227612e+21, 2791501222137.4243, -2478408206.339688, -2.935680422207333e+27], [32955458174.791817, -37140334080.1866, 2109240712.7764745, -1.1304271197017934e+18, -2478408206.339688, 6262401.247381459, 2.414545772587703e+24], [3.177107778973815e+28, -3.5384600930860358e+28, 1.9703997550731097e+27, -1.0154440437583327e+36, -2.935680422207333e+27, 2.414545772587703e+24, 3.370779148727622e+42]]
sigma_dmb
from cov matrix =
1.3391629177856387e-20
2-sigma =
3.321124036108384e-20
