n-power=
2
dm_mass=
100
stepsize =
1.0047545726038318e-17
fisher matrix =
[[1238861979.0428388, -1376164944.9193726, 76287904.92826001, -3.5709703880460724e+16, -173694714.29478198, 94020.25226026984, 8.132068143739005e+23], [-1376164944.9193726, 1528855603.777291, -84760274.16560088, 3.968174517187822e+16, 192911495.32143754, -104492.60333220847, -9.039035064290749e+23], [76287904.92826001, -84760274.16560088, 4700334.712277647, -2201863769521910.0, -10670435.941136057, 5800.905135985083, 4.98526004614421e+22], [-3.5709703880460724e+16, 3.968174517187822e+16, -2201863769521910.0, 1.0330576860974628e+24, 4965379253898638.0, -2724958875332.218, -2.301410824557625e+31], [-173694714.29478198, 192911495.32143754, -10670435.941136057, 4965379253898638.0, 24956295.01978202, -13012.83357624171, -1.2169724265024707e+23], [94020.25226026984, -104492.60333220847, 5800.905135985083, -2724958875332.218, -13012.83357624171, 7.1947864259096885, 5.993160248341436e+19], [8.132068143739005e+23, -9.039035064290749e+23, 4.98526004614421e+22, -2.301410824557625e+31, -1.2169724265024707e+23, 5.993160248341436e+19, 6.534238938794305e+38]]
sigma_dmb
from cov matrix =
9.510848527951596e-19
2-sigma =
2.3586904349319958e-18
2-sigma zack's method =
