n-power=
2
dm_mass=
1
stepsize =
2e-20
fisher matrix =
[[1238861979.0428388, -1376164944.9193726, 76287904.92826001, -3.5709703880460724e+16, -173694714.29478198, 94020.25226026984, 7.611185313715445e+25], [-1376164944.9193726, 1528855603.777291, -84760274.16560088, 3.968174517187822e+16, 192911495.32143754, -104492.60333220847, -8.460901003852952e+25], [76287904.92826001, -84760274.16560088, 4700334.712277647, -2201863769521910.0, -10670435.941136057, 5800.905135985083, 4.6645214315086303e+24], [-3.5709703880460724e+16, 3.968174517187822e+16, -2201863769521910.0, 1.0330576860974628e+24, 4965379253898638.0, -2724958875332.218, -2.1511124965140326e+33], [-173694714.29478198, 192911495.32143754, -10670435.941136057, 4965379253898638.0, 24956295.01978202, -13012.83357624171, -1.1454036813095082e+25], [94020.25226026984, -104492.60333220847, 5800.905135985083, -2724958875332.218, -13012.83357624171, 7.1947864259096885, 5.596960142553211e+21], [7.611185313715445e+25, -8.460901003852952e+25, 4.6645214315086303e+24, -2.1511124965140326e+33, -1.1454036813095082e+25, 5.596960142553211e+21, 5.978123833180422e+42]]
sigma_dmb
from cov matrix =
6.825148537081922e-21
2-sigma =
1.6926368371963166e-20
2-sigma zack's method =
1.0619987472322332e-20