n-power=
6
dm_mass=
1
stepsize =
1e-05
fisher matrix =
[[1238861979.0428388, -1376164944.9193726, 76287904.92826001, -3.5709703880460724e+16, -173694714.29478198, 94020.25226026984, 2714032931976.9375], [-1376164944.9193726, 1528855603.777291, -84760274.16560088, 3.968174517187822e+16, 192911495.32143754, -104492.60333220847, -3016689469984.4756], [76287904.92826001, -84760274.16560088, 4700334.712277647, -2201863769521910.0, -10670435.941136057, 5800.905135985083, 166381865491.4288], [-3.5709703880460724e+16, 3.968174517187822e+16, -2201863769521910.0, 1.0330576860974628e+24, 4965379253898638.0, -2724958875332.218, -7.680759535366691e+19], [-173694714.29478198, 192911495.32143754, -10670435.941136057, 4965379253898638.0, 24956295.01978202, -13012.83357624171, -405943697842.8205], [94020.25226026984, -104492.60333220847, 5800.905135985083, -2724958875332.218, -13012.83357624171, 7.1947864259096885, 200019614.59581307], [2714032931976.9375, -3016689469984.4756, 166381865491.4288, -7.680759535366691e+19, -405943697842.8205, 200019614.59581307, 7210805429141489.0]]
sigma_dmb
from cov matrix =
4.862113593823368e-07
2-sigma =
1.2058041712681954e-06
2-sigma zack's method =
7.573662295140996e-07