n-power=
0
dm_mass=
100
stepsize =
3.990524629937759e-26
fisher matrix =
[[1.6880263521179105e+35, -1.886403059368157e+35, 1.0468704503313977e+34, -4.89649811189532e+42, -2.37725159764191e+34, 1.2874650052668259e+31, 9.37234637194903e+56], [-1.886403059368157e+35, 2.108395616698304e+35, -1.1701339985838296e+34, 5.4732757645452323e+42, 2.6577070534292085e+34, -1.4391872572855568e+31, -1.0496345775612714e+57], [1.0468704503313977e+34, -1.1701339985838296e+34, 6.495655468137236e+32, -3.040126960351325e+41, -1.4717601886761437e+33, 7.997785045631647e+29, 5.801130251621019e+55], [-4.89649811189532e+42, 5.4732757645452323e+42, -3.040126960351325e+41, 1.4251130838795984e+50, 6.841999503377075e+41, -3.7538549757197244e+38, -2.6799730816707596e+64], [-2.37725159764191e+34, 2.6577070534292085e+34, -1.4717601886761437e+33, 6.841999503377075e+41, 3.434365987126794e+33, -1.790255207674161e+30, -1.398230455919128e+56], [1.2874650052668259e+31, -1.4391872572855568e+31, 7.997785045631647e+29, -3.7538549757197244e+38, -1.790255207674161e+30, 9.897972145751684e+26, 6.976626072045647e+52], [9.37234637194903e+56, -1.0496345775612714e+57, 5.801130251621019e+55, -2.6799730816707596e+64, -1.398230455919128e+56, 6.976626072045647e+52, 6.021924309667285e+78]]
sigma_dmb
from cov matrix =
1.1503955037329868e-38
2-sigma =
2.8529808492578073e-38
2-sigma zack's method =
