n-power=
0
dm_mass=
10
stepsize =
2.8250750892455087e-26
fisher matrix =
[[1.6880263521179105e+35, -1.886403059368157e+35, 1.0468704503313977e+34, -4.89649811189532e+42, -2.37725159764191e+34, 1.2874650052668259e+31, 8.504478229862974e+57], [-1.886403059368157e+35, 2.108395616698304e+35, -1.1701339985838296e+34, 5.4732757645452323e+42, 2.6577070534292085e+34, -1.4391872572855568e+31, -9.524182730306022e+57], [1.0468704503313977e+34, -1.1701339985838296e+34, 6.495655468137236e+32, -3.040126960351325e+41, -1.4717601886761437e+33, 7.997785045631647e+29, 5.263959842201692e+56], [-4.89649811189532e+42, 5.4732757645452323e+42, -3.040126960351325e+41, 1.4251130838795984e+50, 6.841999503377075e+41, -3.7538549757197244e+38, -2.4319935213417653e+65], [-2.37725159764191e+34, 2.6577070534292085e+34, -1.4717601886761437e+33, 6.841999503377075e+41, 3.434365987126794e+33, -1.790255207674161e+30, -1.2682620622332502e+57], [1.2874650052668259e+31, -1.4391872572855568e+31, 7.997785045631647e+29, -3.7538549757197244e+38, -1.790255207674161e+30, 9.897972145751684e+26, 6.331466810985109e+53], [8.504478229862974e+57, -9.524182730306022e+57, 5.263959842201692e+56, -2.4319935213417653e+65, -1.2682620622332502e+57, 6.331466810985109e+53, 4.947125852264827e+80]]
sigma_dmb
from cov matrix =
1.3126690420968449e-39
2-sigma =
3.255419224400175e-39
2-sigma zack's method =
2.0416416134334817e-39