n-power=
0
dm_mass=
1e-05
stepsize =
2e-27
fisher matrix =
[[1.6880263521179105e+35, -1.886403059368157e+35, 1.0468704503313977e+34, -4.89649811189532e+42, -2.37725159764191e+34, 1.2874650052668259e+31, 9.551930836660374e+59], [-1.886403059368157e+35, 2.108395616698304e+35, -1.1701339985838296e+34, 5.4732757645452323e+42, 2.6577070534292085e+34, -1.4391872572855568e+31, -1.0700109625449642e+60], [1.0468704503313977e+34, -1.1701339985838296e+34, 6.495655468137236e+32, -3.040126960351325e+41, -1.4717601886761437e+33, 7.997785045631647e+29, 5.911651963140047e+58], [-4.89649811189532e+42, 5.4732757645452323e+42, -3.040126960351325e+41, 1.4251130838795984e+50, 6.841999503377075e+41, -3.7538549757197244e+38, -2.7280375340872137e+67], [-2.37725159764191e+34, 2.6577070534292085e+34, -1.4717601886761437e+33, 6.841999503377075e+41, 3.434365987126794e+33, -1.790255207674161e+30, -1.4325101203734933e+59], [1.2874650052668259e+31, -1.4391872572855568e+31, 7.997785045631647e+29, -3.7538549757197244e+38, -1.790255207674161e+30, 9.897972145751684e+26, 7.095384896246721e+55], [9.551930836660374e+59, -1.0700109625449642e+60, 5.911651963140047e+58, -2.7280375340872137e+67, -1.4325101203734933e+59, 7.095384896246721e+55, 6.433196026182422e+84]]
sigma_dmb
from cov matrix =
1.0228448462952776e-41
2-sigma =
2.536655218812288e-41
2-sigma zack's method =
1.592777557285948e-41