n-power=
0
dm_mass=
1
stepsize =
2e-26
fisher matrix =
[[1.6880263521179105e+35, -1.886403059368157e+35, 1.0468704503313977e+34, -4.89649811189532e+42, -2.37725159764191e+34, 1.2874650052668259e+31, 4.778181286405897e+58], [-1.886403059368157e+35, 2.108395616698304e+35, -1.1701339985838296e+34, 5.4732757645452323e+42, 2.6577070534292085e+34, -1.4391872572855568e+31, -5.350882621507916e+58], [1.0468704503313977e+34, -1.1701339985838296e+34, 6.495655468137236e+32, -3.040126960351325e+41, -1.4717601886761437e+33, 7.997785045631647e+29, 2.957514356552435e+57], [-4.89649811189532e+42, 5.4732757645452323e+42, -3.040126960351325e+41, 1.4251130838795984e+50, 6.841999503377075e+41, -3.7538549757197244e+38, -1.3665576632451275e+66], [-2.37725159764191e+34, 2.6577070534292085e+34, -1.4717601886761437e+33, 6.841999503377075e+41, 3.434365987126794e+33, -1.790255207674161e+30, -7.121036205012244e+57], [1.2874650052668259e+31, -1.4391872572855568e+31, 7.997785045631647e+29, -3.7538549757197244e+38, -1.790255207674161e+30, 9.897972145751684e+26, 3.558061279191519e+54], [4.778181286405897e+58, -5.350882621507916e+58, 2.957514356552435e+57, -1.3665576632451275e+66, -7.121036205012244e+57, 3.558061279191519e+54, 1.555645478215078e+82]]
sigma_dmb
from cov matrix =
2.5262118215247168e-40
2-sigma =
6.2650053173812975e-40
2-sigma zack's method =
3.931433732764423e-40
