n-power=
2
dm_mass=
100
stepsize =
2.56e-17
fisher matrix =
[[1238861979.0428388, -1376164944.9193726, 76287904.92826001, -3.5709703880460724e+16, -173694714.29478198, 94020.25226026984, 6.357017844697715e+23], [-1376164944.9193726, 1528855603.777291, -84760274.16560088, 3.968174517187822e+16, 192911495.32143754, -104492.60333220847, -7.065559968289419e+23], [76287904.92826001, -84760274.16560088, 4700334.712277647, -2201863769521910.0, -10670435.941136057, 5800.905135985083, 3.8978497087857454e+22], [-3.5709703880460724e+16, 3.968174517187822e+16, -2201863769521910.0, 1.0330576860974628e+24, 4965379253898638.0, -2724958875332.218, -1.8006173949035717e+31], [-173694714.29478198, 192911495.32143754, -10670435.941136057, 4965379253898638.0, 24956295.01978202, -13012.83357624171, -9.479055437607227e+22], [94020.25226026984, -104492.60333220847, 5800.905135985083, -2724958875332.218, -13012.83357624171, 7.1947864259096885, 4.691616785976284e+19], [6.357017844697715e+23, -7.065559968289419e+23, 3.8978497087857454e+22, -1.8006173949035717e+31, -9.479055437607227e+22, 4.691616785976284e+19, 3.892183821654478e+38]]
sigma_dmb
from cov matrix =
1.7294942614291659e-18
2-sigma =
4.289145768344331e-18
2-sigma zack's method =
2.6912304962132555e-18