n-power=
2
dm_mass=
10
stepsize =
2e-18
fisher matrix =
[[1238861979.0428388, -1376164944.9193726, 76287904.92826001, -3.5709703880460724e+16, -173694714.29478198, 94020.25226026984, 6.713310511399472e+24], [-1376164944.9193726, 1528855603.777291, -84760274.16560088, 3.968174517187822e+16, 192911495.32143754, -104492.60333220847, -7.461773516497566e+24], [76287904.92826001, -84760274.16560088, 4700334.712277647, -2201863769521910.0, -10670435.941136057, 5800.905135985083, 4.115958099347975e+23], [-3.5709703880460724e+16, 3.968174517187822e+16, -2201863769521910.0, 1.0330576860974628e+24, 4965379253898638.0, -2724958875332.218, -1.9008098233316976e+32], [-173694714.29478198, 192911495.32143754, -10670435.941136057, 4965379253898638.0, 24956295.01978202, -13012.83357624171, -1.0026193381312231e+24], [94020.25226026984, -104492.60333220847, 5800.905135985083, -2724958875332.218, -13012.83357624171, 7.1947864259096885, 4.9514689152511024e+20], [6.713310511399472e+24, -7.461773516497566e+24, 4.115958099347975e+23, -1.9008098233316976e+32, -1.0026193381312231e+24, 4.9514689152511024e+20, 4.387821266274223e+40]]
sigma_dmb
from cov matrix =
1.407166513013128e-19
2-sigma =
3.4897729522725577e-19
2-sigma zack's method =
2.189554757769014e-19