n-power=
0
dm_mass=
1
stepsize =
2e-26
fisher matrix =
[[2.3503523738410086e+34, -2.640544794417935e+34, 1.4873983210101006e+33, -7.348108584088206e+41, -2.503245267513924e+33, 1.9842249589718024e+30, 2.58843315023403e+57], [-2.640544794417935e+34, 2.968233884242322e+34, -1.6726072856357284e+33, 8.267048711381538e+41, 2.8100562898267293e+33, -2.2302649719066406e+30, -2.912709311669183e+57], [1.4873983210101006e+33, -1.6726072856357284e+33, 9.431482835169342e+31, -4.667423930102572e+40, -1.5753730251556659e+32, 1.2598403439277686e+29, 1.630971587437756e+56], [-7.348108584088206e+41, 8.267048711381538e+41, -4.667423930102572e+40, 2.315807649715671e+49, 7.701420530614819e+40, -6.265922591315686e+37, -7.941183599809902e+64], [-2.503245267513924e+33, 2.8100562898267293e+33, -1.5753730251556659e+32, 7.701420530614819e+40, 2.784327977448397e+32, -2.058514543062862e+29, -2.9462771845063353e+56], [1.9842249589718024e+30, -2.2302649719066406e+30, 1.2598403439277686e+29, -6.265922591315686e+37, -2.058514543062862e+29, 1.881534181639136e+26, 2.112520828396579e+53], [2.58843315023403e+57, -2.912709311669183e+57, 1.630971587437756e+56, -7.941183599809902e+64, -2.9462771845063353e+56, 2.112520828396579e+53, 3.2074257632337367e+80]]
sigma_dmb
from cov matrix =
1.28680811491107e-39
2-sigma =
3.191284124979453e-39
2-sigma zack's method =
