n-power=
0
dm_mass=
1
stepsize =
2e-26
fisher matrix =
[[375537139.4600796, -482228847.19665265, 31102306.532033402, -1.8959660316266268e+16, -1063740.27033435, 59576.592117194494, 8.723665812980748e+30], [-482228847.19665265, 654723539.1680741, -43480284.29775727, 2.709610124247145e+16, -6439318.651836132, -86297.92530009507, -1.0559213152442264e+31], [31102306.532033402, -43480284.29775727, 2929758.229146586, -1845432497199130.5, 698046.8423340772, 5914.949331629355, 6.536085518409734e+29], [-1.8959660316266268e+16, 2.709610124247145e+16, -1845432497199130.5, 1.1722795267625152e+24, -569513474165038.5, -3775798920621.2573, -3.7908559984631074e+38], [-1063740.27033435, -6439318.651836132, 698046.8423340772, -569513474165038.5, 1890918.3216774063, 2068.1687652946425, -2.7680817803806586e+29], [59576.592117194494, -86297.92530009507, 5914.949331629355, -3775798920621.2573, 2068.1687652946425, 12.19577075984147, 1.1556271078041101e+27], [8.723665812980748e+30, -1.0559213152442264e+31, 6.536085518409734e+29, -3.7908559984631074e+38, -2.7680817803806586e+29, 1.1556271078041101e+27, 3.0377172113342587e+53]]
sigma_dmb
from cov matrix =
3.089806292396978e-26
2-sigma =
7.662719605144505e-26
2-sigma zack's method =
